Satellite: METEOR-M2 2
Start date & time: 2021-08-17   11:38:31 UTC
Orbit: 11015
Time(UTC)		Azimuth(d)	Elevation(d) X(m)		Y(m)

11:38:31		186.26		55.00		0.06		0.54
11:38:32		186.55		55.36		0.06		0.53
11:38:33		186.85		55.71		0.06		0.52
11:38:34		187.16		56.07		0.06		0.51
11:38:35		187.47		56.43		0.07		0.51
11:38:36		187.80		56.79		0.07		0.50
11:38:37		188.13		57.16		0.07		0.49
11:38:38		188.47		57.52		0.07		0.48
11:38:39		188.82		57.89		0.07		0.48
11:38:40		189.18		58.25		0.08		0.47
11:38:41		189.55		58.62		0.08		0.46
11:38:42		189.93		58.99		0.08		0.46
11:38:43		190.32		59.36		0.08		0.45
11:38:44		190.73		59.73		0.08		0.44
11:38:45		191.14		60.11		0.09		0.43
11:38:46		191.57		60.48		0.09		0.43
11:38:47		192.01		60.85		0.09		0.42
11:38:48		192.46		61.23		0.09		0.41
11:38:49		192.92		61.60		0.09		0.41
11:38:50		193.40		61.98		0.09		0.40
11:38:51		193.90		62.36		0.10		0.39
11:38:52		194.41		62.73		0.10		0.38
11:38:53		194.93		63.11		0.10		0.38
11:38:54		195.48		63.49		0.10		0.37
11:38:55		196.04		63.86		0.10		0.36
11:38:56		196.62		64.24		0.11		0.36
11:38:57		197.22		64.61		0.11		0.35
11:38:58		197.83		64.99		0.11		0.34
11:38:59		198.47		65.36		0.11		0.33
11:39:00		199.13		65.74		0.11		0.33
11:39:01		199.82		66.11		0.12		0.32
11:39:02		200.52		66.48		0.12		0.31
11:39:03		201.25		66.85		0.12		0.31
11:39:04		202.01		67.21		0.12		0.30
11:39:05		202.80		67.58		0.12		0.29
11:39:06		203.61		67.94		0.12		0.29
11:39:07		204.45		68.30		0.13		0.28
11:39:08		205.32		68.66		0.13		0.27
11:39:09		206.22		69.01		0.13		0.27
11:39:10		207.16		69.36		0.13		0.26
11:39:11		208.13		69.70		0.13		0.25
11:39:12		209.14		70.05		0.14		0.24
11:39:13		210.18		70.38		0.14		0.24
11:39:14		211.27		70.71		0.14		0.23
11:39:15		212.39		71.04		0.14		0.22
11:39:16		213.55		71.36		0.14		0.22
11:39:17		214.76		71.67		0.15		0.21
11:39:18		216.01		71.98		0.15		0.20
11:39:19		217.30		72.28		0.15		0.20
11:39:20		218.64		72.57		0.15		0.19
11:39:21		220.03		72.85		0.15		0.18
11:39:22		221.46		73.12		0.15		0.18
11:39:23		222.95		73.39		0.16		0.17
11:39:24		224.48		73.64		0.16		0.16
11:39:25		226.06		73.88		0.16		0.15
11:39:26		227.69		74.11		0.16		0.15
11:39:27		229.37		74.33		0.16		0.14
11:39:28		231.10		74.53		0.17		0.13
11:39:29		232.88		74.73		0.17		0.13
11:39:30		234.70		74.90		0.17		0.12
11:39:31		236.56		75.07		0.17		0.11
11:39:32		238.46		75.21		0.17		0.11
11:39:33		240.40		75.35		0.18		0.10
11:39:34		242.37		75.46		0.18		0.09
11:39:35		244.38		75.56		0.18		0.09
11:39:36		246.41		75.64		0.18		0.08
11:39:37		248.46		75.71		0.18		0.07
11:39:38		250.53		75.75		0.18		0.07
11:39:39		252.61		75.78		0.19		0.06
11:39:40		254.69		75.79		0.19		0.05
11:39:41		256.78		75.78		0.19		0.04
11:39:42		258.86		75.76		0.19		0.04
11:39:43		260.93		75.71		0.19		0.03
11:39:44		262.98		75.65		0.20		0.02
11:39:45		265.01		75.57		0.20		0.02
11:39:46		267.02		75.47		0.20		0.01
11:39:47		269.00		75.36		0.20		0.00
11:39:48		270.94		75.23		0.20		-0.00
11:39:49		272.85		75.09		0.20		-0.01
11:39:50		274.71		74.93		0.21		-0.02
11:39:51		276.54		74.75		0.21		-0.02
11:39:52		278.32		74.56		0.21		-0.03
11:39:53		280.05		74.36		0.21		-0.04
11:39:54		281.73		74.14		0.21		-0.04
11:39:55		283.37		73.91		0.22		-0.05
11:39:56		284.96		73.67		0.22		-0.06
11:39:57		286.49		73.42		0.22		-0.07
11:39:58		287.98		73.16		0.22		-0.07
11:39:59		289.42		72.89		0.22		-0.08
11:40:00		290.82		72.61		0.23		-0.09
11:40:01		292.16		72.32		0.23		-0.09
11:40:02		293.46		72.02		0.23		-0.10
11:40:03		294.72		71.72		0.23		-0.11
11:40:04		295.93		71.40		0.23		-0.11
11:40:05		297.09		71.09		0.23		-0.12
11:40:06		298.22		70.76		0.24		-0.13
11:40:07		299.31		70.43		0.24		-0.13
11:40:08		300.35		70.10		0.24		-0.14
11:40:09		301.36		69.76		0.24		-0.15
11:40:10		302.34		69.41		0.24		-0.15
11:40:11		303.28		69.06		0.25		-0.16
11:40:12		304.19		68.71		0.25		-0.17
11:40:13		305.06		68.36		0.25		-0.18
11:40:14		305.91		68.00		0.25		-0.18
11:40:15		306.72		67.64		0.25		-0.19
11:40:16		307.51		67.27		0.26		-0.20
11:40:17		308.27		66.91		0.26		-0.20
11:40:18		309.00		66.54		0.26		-0.21
11:40:19		309.71		66.17		0.26		-0.22
11:40:20		310.40		65.80		0.26		-0.22
11:40:21		311.06		65.43		0.27		-0.23
11:40:22		311.70		65.06		0.27		-0.24
11:40:23		312.32		64.68		0.27		-0.25
11:40:24		312.92		64.31		0.27		-0.25
11:40:25		313.50		63.93		0.27		-0.26
11:40:26		314.07		63.56		0.28		-0.27
11:40:27		314.61		63.18		0.28		-0.27
11:40:28		315.14		62.81		0.28		-0.28
11:40:29		315.65		62.43		0.28		-0.29
11:40:30		316.15		62.06		0.28		-0.29
11:40:31		316.63		61.68		0.28		-0.30
11:40:32		317.10		61.31		0.29		-0.31
11:40:33		317.55		60.93		0.29		-0.32
11:40:34		317.99		60.56		0.29		-0.32
11:40:35		318.42		60.19		0.29		-0.33
11:40:36		318.83		59.82		0.29		-0.34
11:40:37		319.24		59.45		0.30		-0.34
11:40:38		319.63		59.08		0.30		-0.35
11:40:39		320.01		58.71		0.30		-0.36
11:40:40		320.38		58.34		0.30		-0.37
11:40:41		320.74		57.97		0.30		-0.37
11:40:42		321.10		57.61		0.31		-0.38
11:40:43		321.44		57.25		0.31		-0.39
11:40:44		321.77		56.88		0.31		-0.39
11:40:45		322.10		56.52		0.31		-0.40
11:40:46		322.41		56.16		0.31		-0.41
11:40:47		322.72		55.81		0.32		-0.42
11:40:48		323.02		55.45		0.32		-0.42
