2023 96
NOAA 15                 
1 25338U 98030A   23096.53286609  .00000259  00000+0  12599-3 0  9994
2 25338  98.6141 126.7903 0010933 157.5380 202.6280 14.26284693295040
DMSP 5D-3 F15 (USA 147) 
1 25991U 99067A   23095.89695903  .00000297  00000+0  17193-3 0  9996
2 25991  99.0714  97.7736 0011162  81.0795  36.1737 14.16701046205170
DMSP 5D-3 F16 (USA 172) 
1 28054U 03048A   23096.55420265  .00000214  00000+0  13690-3 0  9991
2 28054  99.0115  94.2192 0006785 201.7374 322.9136 14.13787639  4439
NOAA 18                 
1 28654U 05018A   23096.47302784  .00000297  00000+0  18351-3 0  9992
2 28654  98.9131 171.2028 0013750 219.2299 140.7877 14.12905567921443
METEOSAT-9 (MSG-2)      
1 28912U 05049B   23095.53745244  .00000137  00000+0  00000+0 0  9992
2 28912   6.6815  64.2812 0002328 191.7553 176.7028  1.00270115 63332
EWS-G1 (GOES 13)        
1 29155U 06018A   23095.88104919  .00000041  00000+0  00000+0 0  9999
2 29155   1.3456  92.0271 0001956 177.4869 303.2258  1.00277841 31666
DMSP 5D-3 F17 (USA 191) 
1 29522U 06050A   23096.49358219  .00000266  00000+0  16215-3 0  9993
2 29522  98.7581 110.9154 0010707 142.0668 218.1262 14.14225366847323
FENGYUN 3A              
1 32958U 08026A   23096.49379729  .00000231  00000+0  13126-3 0  9994
2 32958  98.5479  52.8147 0007555 255.0733 104.9607 14.18843451769889
FENGYUN 2E              
1 33463U 08066A   23095.97569031 -.00000192  00000+0  00000+0 0  9999
2 33463   6.5581  63.4729 0001393 327.6390 240.4207  1.00281035 52379
NOAA 19                 
1 33591U 09005A   23096.50859673  .00000255  00000+0  16187-3 0  9995
2 33591  99.1089 141.2629 0014866  85.8002 274.4867 14.12726278729828
GOES 14                 
1 35491U 09033A   23095.60952081 -.00000063  00000+0  00000+0 0  9995
2 35491   0.1654 115.4987 0005638 289.7814 259.7087  1.00270041 50396
METEOR-M 1              
1 35865U 09049A   23096.45094595  .00000281  00000+0  14544-3 0  9991
2 35865  98.5732  63.1257 0003471  92.0090 268.1486 14.22466460703338
DMSP 5D-3 F18 (USA 210) 
1 35951U 09057A   23096.50989391  .00000407  00000+0  23816-3 0  9991
2 35951  98.7622  74.2598 0010726 338.8733  21.1996 14.13717491694516
GOES 15                 
1 36411U 10008A   23096.53264943  .00000083  00000+0  00000+0 0  9999
2 36411   0.1838  94.6296 0001987 233.0655 289.4190  1.00131367 47941
COMS 1                  
1 36744U 10032A   23095.98405814 -.00000336  00000+0  00000+0 0  9999
2 36744   1.8021  89.8586 0001006 298.9249 287.6486  1.00271931 46940
FENGYUN 3B              
1 37214U 10059A   23096.45502079  .00000161  00000+0  10834-3 0  9990
2 37214  99.0889 112.5952 0021241 247.7476 112.1447 14.14321327642374
SUOMI NPP               
1 37849U 11061A   23096.50158750  .00000142  00000+0  88455-4 0  9991
2 37849  98.7638  36.4136 0001357  99.4824  31.6155 14.19535485592764
FENGYUN 2F              
1 38049U 12002A   23096.20213102 -.00000348  00000+0  00000+0 0  9994
2 38049   4.5130  77.2890 0001594  39.3879 262.4255  1.00284480 41176
METEOSAT-10 (MSG-3)     
1 38552U 12035B   23095.88678221 -.00000002  00000+0  00000+0 0  9996
2 38552   2.0296  53.7228 0000607 284.4739 174.6382  1.00271165 39142
METOP-B                 
1 38771U 12049A   23096.52153785  .00000206  00000+0  11398-3 0  9990
2 38771  98.6860 157.0693 0000938 120.7566 346.7537 14.21483702547365
FENGYUN 3C              
1 39260U 13052A   23096.45249426  .00000228  00000+0  13622-3 0  9995
2 39260  98.4339 114.3855 0011677 145.0280 215.1671 14.16017251493385
METEOR-M 2              
1 40069U 14037A   23096.50850578  .00000128  00000+0  78382-4 0  9994
2 40069  98.4258 105.8054 0005518 178.3553 181.7650 14.20762983453474
HIMAWARI-8              
1 40267U 14060A   23096.41672135 -.00000269  00000+0  00000+0 0  9995
2 40267   0.0027 190.6874 0001269 203.7134  90.7059  1.00268969 31154
FENGYUN 2G              
1 40367U 14090A   23095.62908110 -.00000293  00000+0  00000+0 0  9993
2 40367   2.6699  86.3935 0000243 129.2589 304.1169  1.00265831 30321
METEOSAT-11 (MSG-4)     
1 40732U 15034A   23084.92549459 -.00000009  00000+0  00000+0 0  9991
2 40732   0.4922  23.1486 0000496  29.5435 104.0310  1.00274744 28194
ELEKTRO-L 2             
1 41105U 15074A   23095.88399294 -.00000106  00000+0  00000+0 0  9995
2 41105   3.7247  84.6644 0000753 195.3671 217.6541  1.00273036 26809
HIMAWARI-9              
1 41836U 16064A   23095.87106578 -.00000269  00000+0  00000+0 0  9996
2 41836   0.0179 112.4025 0000885 303.6368 232.2171  1.00272418 23475
GOES 16                 
1 41866U 16071A   23096.32410392 -.00000242  00000+0  00000+0 0  9991
2 41866   0.0637 287.5233 0000544  98.6548 209.6454  1.00272606 23397
FENGYUN 4A              
1 41882U 16077A   23096.35604819 -.00000324  00000+0  00000+0 0  9998
2 41882   0.2074 285.7302 0004748 214.7156 286.6401  1.00280221 23271
CYGFM05                 
1 41884U 16078A   23096.55622133  .00006954  00000+0  32251-3 0  9993
2 41884  34.9549 173.3826 0014538 199.7336 160.2815 15.19270467349438
CYGFM04                 
1 41885U 16078B   23095.51554193  .00008068  00000+0  36770-3 0  9997
2 41885  34.9486 167.4189 0013094 209.3120 150.6859 15.19855816349393
CYGFM02                 
1 41886U 16078C   23096.28701428  .00007566  00000+0  34434-3 0  9995
2 41886  34.9570 164.8895 0013843 209.8131 150.1794 15.19910099349503
CYGFM01                 
1 41887U 16078D   23096.53126992  .00007357  00000+0  34319-3 0  9991
2 41887  34.9517 176.4226 0014896 197.9214 162.0974 15.19054016349397
CYGFM08                 
1 41888U 16078E   23095.89497146  .00007450  00000+0  34223-3 0  9990
2 41888  34.9483 171.6039 0014193 206.0765 153.9234 15.19585255349327
CYGFM07                 
1 41890U 16078G   23095.53454350  .00007689  00000+0  34917-3 0  9998
2 41890  34.9507 167.0470 0012737 207.5077 152.4962 15.19995293349249
CYGFM03                 
1 41891U 16078H   23096.39207816  .00007175  00000+0  32740-3 0  9999
2 41891  34.9534 162.2940 0012260 213.0306 146.9642 15.19850010349517
FENGYUN 3D              
1 43010U 17072A   23096.43365790  .00000243  00000+0  13768-3 0  9998
2 43010  98.8530  45.0912 0002039 125.5826 234.5531 14.19176697279324
NOAA 20                 
1 43013U 17073A   23096.50998061  .00000140  00000+0  87151-4 0  9997
2 43013  98.7475  35.8976 0000858  63.0822 297.0442 14.19533840278804
GOES 17                 
1 43226U 18022A   23096.46394400 -.00000084  00000+0  00000+0 0  9991
2 43226   0.0287 348.8458 0001809  59.0320 208.8822  1.00272700 18720
FENGYUN 2H              
1 43491U 18050A   23095.90454168 -.00000119  00000+0  00000+0 0  9991
2 43491   1.8905  92.1049 0002181  65.6490  80.7946  1.00275632 17720
METOP-C                 
1 43689U 18087A   23096.39652267  .00000192  00000+0  10775-3 0  9998
2 43689  98.6906 157.0465 0001701 266.0255  94.0728 14.21482967228920
GEO-KOMPSAT-2A          
1 43823U 18100A   23096.41428075 -.00000337  00000+0  00000+0 0  9993
2 43823   0.0140  67.1526 0002155 357.1640  47.4963  1.00265529 15956
METEOR-M2 2             
1 44387U 19038A   23096.49068624  .00000144  00000+0  82340-4 0  9995
2 44387  98.7667  60.5677 0002001 116.7743 243.3637 14.23769585195108
FENGYUN 3E              
1 49008U 21062A   23096.26533695 -.00009856  00000+0 -46540-2 0  9991
2 49008  98.7216  98.7413 0001115 196.0627 164.0687 14.19624048 90861
GOES 18                 
1 51850U 22021A   23096.55692375  .00000104  00000+0  00000+0 0  9991
2 51850   0.0057  90.0618 0000362 283.3962 244.6091  1.00271824  4095
NOAA 21 (JPSS-2)        
1 54234U 22150A   23095.82180910  .00000174  00000+0  10337-3 0  9994
2 54234  98.7113  34.9267 0001008  82.2877 277.8414 14.19574672 20789
METEOSAT-12             
1 54743U 22170C   23094.59557729 -.00000030  00000+0  00000+0 0  9994
2 54743   0.7499 304.0351 0002991  99.1789   0.4318  1.00268107  1253
