2023 113
NOAA 15                 
1 25338U 98030A   23113.50961640  .00000346  00000+0  16202-3 0  9998
2 25338  98.6114 143.4888 0011554 111.8343 248.4068 14.26297643297469
DMSP 5D-3 F15 (USA 147) 
1 25991U 99067A   23112.84860047  .00000312  00000+0  17929-3 0  9999
2 25991  99.0713 115.0541 0010716  37.0093  88.0776 14.16714430207579
DMSP 5D-3 F16 (USA 172) 
1 28054U 03048A   23113.17110427  .00000218  00000+0  13938-3 0  9994
2 28054  99.0120 110.9674 0007659 154.5594 297.4064 14.13797627  6780
NOAA 18                 
1 28654U 05018A   23113.04381308  .00000313  00000+0  19191-3 0  9996
2 28654  98.9112 187.6978 0014611 172.0454 188.0952 14.12918201923780
METEOSAT-9 (MSG-2)      
1 28912U 05049B   23113.53251176  .00000124  00000+0  00000+0 0  9995
2 28912   6.7244  64.1589 0002548 186.2756 198.3779  1.00278316 63544
EWS-G1 (GOES 13)        
1 29155U 06018A   23112.89215823  .00000033  00000+0  00000+0 0  9998
2 29155   1.3930  91.9894 0001103 137.9158   3.5948  1.00266853 31834
DMSP 5D-3 F17 (USA 191) 
1 29522U 06050A   23113.19045116  .00000226  00000+0  14112-3 0  9999
2 29522  98.7567 127.2851 0011191  98.9401 261.3039 14.14236382849687
FENGYUN 3A              
1 32958U 08026A   23113.27746048  .00000270  00000+0  14979-3 0  9992
2 32958  98.5503  69.0009 0008156 201.0154 159.0688 14.18854349772264
FENGYUN 2E              
1 33463U 08066A   23112.94028624 -.00000208  00000+0  00000+0 0  9992
2 33463   6.5967  63.3588 0001394 333.7294 238.8064  1.00276280 52548
NOAA 19                 
1 33591U 09005A   23113.50634102  .00000288  00000+0  17972-3 0  9992
2 33591  99.1056 158.5456 0014414  40.7180 319.5066 14.12738391732226
GOES 14                 
1 35491U 09033A   23112.64151042 -.00000071  00000+0  00000+0 0  9996
2 35491   0.2074 111.3654 0005702 299.2494 282.5286  1.00269660 50560
METEOR-M 1              
1 35865U 09049A   23113.19186216  .00000331  00000+0  16781-3 0  9995
2 35865  98.5756  79.4151 0003288  59.9102 300.2402 14.22479722705714
DMSP 5D-3 F18 (USA 210) 
1 35951U 09057A   23113.28346599  .00000452  00000+0  26183-3 0  9993
2 35951  98.7642  90.7004 0009965 287.4117  72.5966 14.13735530696884
GOES 15                 
1 36411U 10008A   23113.51807302  .00000106  00000+0  00000+0 0  9995
2 36411   0.2266  95.1112 0001531 248.4658 276.5788  1.00136895 48119
COMS 1                  
1 36744U 10032A   23112.97539084 -.00000347  00000+0  00000+0 0  9997
2 36744   1.8481  89.5460 0000805 295.1496 305.3584  1.00272284 47116
FENGYUN 3B              
1 37214U 10059A   23112.72624074  .00000180  00000+0  11784-3 0  9995
2 37214  99.0877 129.1486 0021821 200.3403 159.6896 14.14328190644670
SUOMI NPP               
1 37849U 11061A   23113.54387927  .00000175  00000+0  10340-3 0  9998
2 37849  98.7011  53.2000 0001540  83.5920 331.3037 14.19568501595184
FENGYUN 2F              
1 38049U 12002A   23113.44771668 -.00000360  00000+0  00000+0 0  9990
2 38049   4.5543  77.1374 0001666  54.2160 353.6057  1.00274925 41355
METEOSAT-10 (MSG-3)     
1 38552U 12035B   23112.80646545 -.00000012  00000+0  00000+0 0  9993
2 38552   2.0649  54.2501 0000441 263.5229 182.8487  1.00274096 39314
METOP-B                 
1 38771U 12049A   23113.48845505  .00000235  00000+0  12735-3 0  9991
2 38771  98.6831 173.7645 0001326 117.5850   6.8028 14.21499030549774
FENGYUN 3C              
1 39260U 13052A   23113.12836160  .00000241  00000+0  14269-3 0  9999
2 39260  98.4321 130.1791 0012269 100.7011 259.5548 14.16025358495743
METEOR-M 2              
1 40069U 14037A   23113.48084146  .00000188  00000+0  10623-3 0  9990
2 40069  98.4249 121.9925 0006507 132.3867 227.7869 14.20770005455881
HIMAWARI-8              
1 40267U 14060A   23112.88174344 -.00000279  00000+0  00000+0 0  9995
2 40267   0.0095 198.5644 0000827 177.0673 293.1152  1.00274070 31211
FENGYUN 2G              
1 40367U 14090A   23113.20873501 -.00000304  00000+0  00000+0 0  9996
2 40367   2.7171  86.2116 0001988  62.8740 236.2540  1.00285464 30495
METEOSAT-11 (MSG-4)     
1 40732U 15034A   23112.80838309  .00000059  00000+0  00000+0 0  9999
2 40732   0.5206  30.2774 0000887  48.4654  72.2116  1.00269252 28464
ELEKTRO-L 2             
1 41105U 15074A   23112.80358902 -.00000118  00000+0  00000+0 0  9991
2 41105   3.7690  84.4568 0000134 119.8107 281.1479  1.00271210 26978
HIMAWARI-9              
1 41836U 16064A   23112.88174344 -.00000279  00000+0  00000+0 0  9994
2 41836   0.0505  76.6965 0000689 331.7031 260.4530  1.00271611 23648
GOES 16                 
1 41866U 16071A   23112.79156028 -.00000252  00000+0  00000+0 0  9995
2 41866   0.0445 280.6725 0000295  94.4576  45.2106  1.00272369 23554
FENGYUN 4A              
1 41882U 16077A   23112.91229978 -.00000334  00000+0  00000+0 0  9999
2 41882   0.1637 287.3316 0004758 213.6871 142.8703  1.00271608 23436
CYGFM05                 
1 41884U 16078A   23112.19459497  .00008439  00000+0  38802-3 0  9991
2 41884  34.9553  75.5210 0014317 332.5811  27.4146 15.19535553351718
CYGFM04                 
1 41885U 16078B   23112.19868168  .00008612  00000+0  38919-3 0  9993
2 41885  34.9500  62.9148 0012418 350.8804   9.1682 15.20146789351775
CYGFM02                 
1 41886U 16078C   23112.24714468  .00008759  00000+0  39521-3 0  9995
2 41886  34.9585  64.9183 0013225 345.5401  14.4932 15.20187998351865
CYGFM01                 
1 41887U 16078D   23113.22325517  .00007547  00000+0  34920-3 0  9990
2 41887  34.9524  71.9968 0014542 340.8450  19.1715 15.19332990351934
CYGFM08                 
1 41888U 16078E   23112.25265402  .00008733  00000+0  39771-3 0  9996
2 41888  34.9496  69.1829 0013617 345.5586  14.4737 15.19866350351813
CYGFM07                 
1 41890U 16078G   23113.26684162  .00008019  00000+0  36092-3 0  9999
2 41890  34.9514  55.9499 0011883 357.8237   2.2423 15.20303427352096
CYGFM03                 
1 41891U 16078H   23112.22149096  .00008257  00000+0  37358-3 0  9997
2 41891  34.9545  63.1470 0011612 346.1029  13.9363 15.20123615351776
FENGYUN 3D              
1 43010U 17072A   23112.71978829  .00000234  00000+0  13299-3 0  9990
2 43010  98.8557  61.3653 0002447  96.1943 263.9505 14.19184960281638
NOAA 20                 
1 43013U 17073A   23112.86253300  .00000166  00000+0  99587-4 0  9999
2 43013  98.7493  52.0500 0000697  89.0109 271.1147 14.19540866281125
GOES 17                 
1 43226U 18022A   23112.92901917 -.00000094  00000+0  00000+0 0  9999
2 43226   0.0027 326.6296 0001629  88.2901  25.5015  1.00271805 18896
FENGYUN 2H              
1 43491U 18050A   23112.77479966 -.00000131  00000+0  00000+0 0  9993
2 43491   1.9361  91.8483 0002332  70.1281  46.6601  1.00274221 17892
METOP-C                 
1 43689U 18087A   23113.50094873  .00000225  00000+0  12279-3 0  9992
2 43689  98.6877 173.8855 0002420 197.5094 162.6000 14.21492561231351
GEO-KOMPSAT-2A          
1 43823U 18100A   23113.47731539 -.00000347  00000+0  00000+0 0  9992
2 43823   0.0592  69.1373 0001742 346.8238  95.3832  1.00273143 16126
METEOR-M2 2             
1 44387U 19038A   23112.72435948  .00000129  00000+0  75747-4 0  9993
2 44387  98.7695  76.7548 0002384  91.9467 268.1978 14.23774621197412
FENGYUN 3E              
1 49008U 21062A   23113.10964003  .00000090  00000+0  63405-4 0  9995
2 49008  98.7218 115.3363 0002019 131.4423 228.6932 14.19676458 93252
GOES 18                 
1 51850U 22021A   23111.29913961  .00000091  00000+0  00000+0 0  9992
2 51850   0.0131  68.9126 0000560 249.6013 221.2797  1.00272443  4225
NOAA 21 (JPSS-2)        
1 54234U 22150A   23112.87872431  .00000178  00000+0  10502-3 0  9993
2 54234  98.7132  51.7068 0001050  88.7499 271.3797 14.19583230 23207
METEOSAT-12             
1 54743U 22170C   23112.87750477 -.00000037  00000+0  00000+0 0  9998
2 54743   0.7075 305.6522 0002939 103.3834 113.9238  1.00270234  1436
